   1.0  340.0  132.0   
   2.0  340.0  132.0   
   3.0  330.0  146.0   
   4.0  331.0  150.0   
   5.0  333.0  129.0   
   6.0  330.0  146.0   
   7.0  333.0  129.0   
   8.0  337.0  124.0   
   9.0  333.0  129.0   
  10.0  338.0  123.0   
  11.0  333.0  129.0   
  12.0  333.0  129.0   
  13.0  337.0  124.0   
  14.0  337.0  124.0   
  15.0  340.0  108.0   
  16.0  340.0  108.0   
  17.0  340.0  107.0   
  18.0  332.0   95.0   
  19.0  305.0  160.0   
  20.0  331.0   92.0   
  21.0  305.0  160.0   
  22.0  330.0   73.0   
  23.0  330.0   73.0   
  24.0  327.0   75.0   
  25.0  323.0   76.0   
  26.0  321.0   80.0   
  27.0  321.0   80.0   
  28.0  321.0   80.0   
  29.0  321.0   80.0   
  30.0  320.0   79.0   
  31.0  313.0   71.0   
  32.0  313.0   71.0   
  33.0  313.0   71.0   
  34.0  312.0   68.0   
  35.0  311.0   73.0   
  36.0  311.0   73.0   
  37.0  311.0   73.0   
  38.0  311.0   73.0   
  39.0  308.0   74.0   
  40.0  308.0   78.0   
  41.0  308.0   78.0   
  42.0  310.0   73.0   
  43.0  308.0   78.0   
  44.0  307.0   79.0   
  45.0  307.0   79.0   
  46.0  307.0   79.0   
  47.0  305.0   80.0   
  48.0  307.0   79.0   
  49.0  305.0   80.0   
  50.0  303.0   82.0   
  51.0  304.0   80.0   
  52.0  304.0   80.0   
  53.0  303.0   82.0   
  54.0  303.0   82.0   
  55.0  302.0   82.0   
  56.0  302.0   82.0   
  57.0  301.0   82.0   
  58.0  299.0   83.0   
  59.0  299.0   83.0   
  60.0  298.0   83.0   
  61.0  297.0   83.0   
  62.0  296.0   82.0   
  63.0  296.0   82.0   
  64.0  295.0   82.0   
  65.0  292.0   82.0   
  66.0  292.0   82.0   
  67.0  295.0   82.0   
  68.0  295.0   82.0   
  69.0  291.0   83.0   
  70.0  290.0   83.0   
  71.0  291.0   83.0   
  72.0  290.0   83.0   
  73.0  290.0   83.0   
  74.0  264.0  155.0   
  75.0  290.0   83.0   
  76.0  262.0  152.0   
  77.0  288.0   81.0   
  78.0  286.0   81.0   
  79.0  286.0   81.0   
  80.0  261.0  151.0   
  81.0  286.0   81.0   
  82.0  284.0   80.0   
  83.0  261.0  151.0   
  84.0  284.0   80.0   
  85.0  281.0   80.0   
  86.0  281.0   80.0   
  87.0  261.0  151.0   
  88.0  280.0   80.0   
  89.0  280.0   80.0   
  90.0  261.0  151.0   
  91.0  279.0   79.0   
  92.0  279.0   79.0   
  93.0  279.0   79.0   
  94.0  277.0   77.0   
  95.0  277.0   77.0   
  96.0  277.0   77.0   
  97.0  260.0  151.0   
  98.0  250.0  150.0   
  99.0  250.0  150.0   
 100.0  266.0   79.0   
 101.0  264.0   80.0   
 102.0  264.0   80.0   
 103.0  243.0  147.0   
 104.0  259.0   81.0   
 105.0  241.0  154.0   
 106.0  242.0  152.0   
 107.0  241.0  154.0   
 108.0  243.0  147.0   
 109.0  242.0  152.0   
 110.0  242.0  147.0   
 111.0  259.0   81.0   
 112.0  242.0  147.0   
 113.0  259.0   81.0   
 114.0  242.0  147.0   
 115.0  257.0   80.0   
 116.0  242.0  147.0   
 117.0  242.0  147.0   
 118.0  242.0  147.0   
 119.0  257.0   80.0   
 120.0  257.0   80.0   
 121.0  257.0   80.0   
 122.0  234.0  151.0   
 123.0  251.0   78.0   
 124.0  233.0  149.0   
 125.0  250.0   78.0   
 126.0  250.0   78.0   
 127.0  231.0  148.0   
 128.0  250.0   78.0   
 129.0  250.0   78.0   
 130.0  229.0  142.0   
 131.0  246.0   78.0   
 132.0  228.0  140.0   
 133.0  246.0   78.0   
 134.0  228.0  139.0   
 135.0  228.0  139.0   
 136.0  227.0  137.0   
 137.0  229.0  130.0   
 138.0  227.0  137.0   
 139.0  229.0  130.0   
 140.0  229.0  130.0   
 141.0  229.0  130.0   
 142.0  226.0  134.0   
 143.0  229.0  130.0   
 144.0  243.0   76.0   
 145.0  229.0  130.0   
 146.0  229.0  130.0   
 147.0  226.0  130.0   
 148.0  226.0  130.0   
 149.0  225.0  129.0   
 150.0  225.0  129.0   
 151.0  224.0  128.0   
 152.0  224.0  127.0   
 153.0  224.0  127.0   
 154.0  224.0  127.0   
 155.0  223.0  126.0   
 156.0  222.0  125.0   
 157.0  222.0  125.0   
 158.0  222.0  125.0   
 159.0  219.0  124.0   
 160.0  219.0  124.0   
 161.0  219.0  124.0   
 162.0  217.0  123.0   
 163.0  217.0  123.0   
 164.0  217.0  123.0   
 165.0  216.0  122.0   
 166.0  215.0  121.0   
 167.0  214.0  119.0   
 168.0  214.0  118.0   
 169.0  213.0  115.0   
 170.0  213.0  115.0   
 171.0  213.0  110.0   
 172.0  213.0  110.0   
 173.0  213.0  110.0   
 174.0  213.0  110.0   
 175.0  210.0  106.0   
 176.0  210.0  106.0   
 177.0  209.0  101.0   
 178.0  208.0  102.0   
 179.0  208.0  102.0   
 180.0  209.0  101.0   
 181.0  208.0  100.0   
 182.0  208.0  100.0   
 183.0  208.0  100.0   
 184.0  208.0  100.0   
 185.0  208.0  100.0   
 186.0  208.0  100.0   
 187.0  208.0  100.0   
 188.0  208.0  100.0   
 189.0  208.0  100.0   
 190.0  212.0   63.0   
 191.0  208.0  100.0   
 192.0  202.0  101.0   
 193.0  202.0  101.0   
 194.0  206.0   64.0   
 195.0  202.0  101.0   
 196.0  202.0  101.0   
 197.0  202.0  101.0   
 198.0  206.0   64.0   
 199.0  202.0  101.0   
 200.0  200.0  100.0   
 201.0  200.0  100.0   
 202.0  200.0  100.0   
 203.0  200.0  100.0   
 204.0  200.0  100.0   
 205.0  200.0  100.0   
 206.0  200.0  100.0   
 207.0  200.0  100.0   
 208.0  200.0  100.0   
 209.0  200.0  100.0   
 210.0  200.0  100.0   
 211.0  197.0   98.0   
 212.0  197.0   98.0   
 213.0  200.0  100.0   
 214.0  200.0  100.0   
 215.0  197.0   98.0   
 216.0  197.0   98.0   
 217.0  194.0   96.0   
 218.0  194.0   96.0   
 219.0  193.0   94.0   
 220.0  193.0   94.0   
 221.0  193.0   94.0   
 222.0  193.0   94.0   
 223.0  193.0   94.0   
 224.0  188.0   93.0   
 225.0  188.0   93.0   
 226.0  188.0   93.0   
 227.0  191.0   68.0   
 228.0  188.0   93.0   
 229.0  191.0   68.0   
 230.0  188.0   93.0   
 231.0  190.0   68.0   
 232.0  186.0   92.0   
 233.0  186.0   92.0   
 234.0  186.0   92.0   
 235.0  186.0   92.0   
 236.0  186.0   92.0   
 237.0  184.0   91.0   
 238.0  184.0   91.0   
 239.0  184.0   91.0   
 240.0  187.0   68.0   
 241.0  184.0   91.0   
 242.0  184.0   91.0   
 243.0  184.0   91.0   
 244.0  184.0   91.0   
 245.0  184.0   91.0   
 246.0  181.0   90.0   
 247.0  182.0   77.0   
 248.0  181.0   90.0   
 249.0  182.0   77.0   
 250.0  182.0   77.0   
 251.0  182.0   77.0   
 252.0  181.0   90.0   
 253.0  181.0   90.0   
 254.0  182.0   77.0   
 255.0  181.0   75.0   
 256.0  179.0   89.0   
 257.0  179.0   89.0   
 258.0  179.0   89.0   
 259.0  179.0   89.0   
 260.0  179.0   89.0   
 261.0  177.0   88.0   
 262.0  179.0   89.0   
 263.0  177.0   88.0   
 264.0  177.0   88.0   
 265.0  179.0   89.0   
 266.0  178.0   81.0   